1.150000000000000000e+02
1.110000000000000000e+02
8.300000000000000000e+01
1.220000000000000000e+02
8.100000000000000000e+01
1.000000000000000000e+02
8.300000000000000000e+01
1.020000000000000000e+02
9.200000000000000000e+01
9.700000000000000000e+01
9.900000000000000000e+01
7.400000000000000000e+01
7.000000000000000000e+01
1.060000000000000000e+02
1.170000000000000000e+02
8.900000000000000000e+01
1.000000000000000000e+02
7.000000000000000000e+01
8.900000000000000000e+01
9.700000000000000000e+01
1.200000000000000000e+02
1.070000000000000000e+02
8.500000000000000000e+01
8.900000000000000000e+01
9.400000000000000000e+01
1.010000000000000000e+02
9.700000000000000000e+01
9.600000000000000000e+01
7.400000000000000000e+01
9.700000000000000000e+01
