4.770000000000000000e+02
5.450000000000000000e+02
5.180000000000000000e+02
4.990000000000000000e+02
5.010000000000000000e+02
4.810000000000000000e+02
4.870000000000000000e+02
5.180000000000000000e+02
4.850000000000000000e+02
5.020000000000000000e+02
5.010000000000000000e+02
5.010000000000000000e+02
4.840000000000000000e+02
4.870000000000000000e+02
4.960000000000000000e+02
5.160000000000000000e+02
5.090000000000000000e+02
4.730000000000000000e+02
4.930000000000000000e+02
4.790000000000000000e+02
5.150000000000000000e+02
5.020000000000000000e+02
4.950000000000000000e+02
5.160000000000000000e+02
4.990000000000000000e+02
4.720000000000000000e+02
4.980000000000000000e+02
4.970000000000000000e+02
4.930000000000000000e+02
4.960000000000000000e+02
