1.610000000000000000e+02
1.390000000000000000e+02
1.390000000000000000e+02
1.490000000000000000e+02
1.370000000000000000e+02
1.650000000000000000e+02
1.410000000000000000e+02
1.510000000000000000e+02
1.510000000000000000e+02
1.570000000000000000e+02
1.420000000000000000e+02
1.600000000000000000e+02
1.460000000000000000e+02
1.670000000000000000e+02
1.450000000000000000e+02
1.490000000000000000e+02
1.500000000000000000e+02
1.370000000000000000e+02
1.370000000000000000e+02
1.700000000000000000e+02
1.540000000000000000e+02
1.290000000000000000e+02
1.470000000000000000e+02
1.470000000000000000e+02
1.500000000000000000e+02
1.470000000000000000e+02
1.350000000000000000e+02
1.360000000000000000e+02
1.520000000000000000e+02
1.620000000000000000e+02
