2.300000000000000000e+02
2.550000000000000000e+02
2.500000000000000000e+02
2.430000000000000000e+02
2.740000000000000000e+02
2.440000000000000000e+02
2.280000000000000000e+02
2.610000000000000000e+02
2.670000000000000000e+02
2.720000000000000000e+02
2.340000000000000000e+02
2.530000000000000000e+02
2.150000000000000000e+02
2.660000000000000000e+02
2.640000000000000000e+02
2.320000000000000000e+02
2.610000000000000000e+02
2.330000000000000000e+02
2.410000000000000000e+02
2.270000000000000000e+02
2.720000000000000000e+02
2.690000000000000000e+02
2.390000000000000000e+02
2.650000000000000000e+02
2.340000000000000000e+02
2.440000000000000000e+02
2.800000000000000000e+02
2.680000000000000000e+02
2.470000000000000000e+02
2.310000000000000000e+02
