3.740000000000000000e+02
3.360000000000000000e+02
3.170000000000000000e+02
3.860000000000000000e+02
3.740000000000000000e+02
3.210000000000000000e+02
3.430000000000000000e+02
3.480000000000000000e+02
3.800000000000000000e+02
3.060000000000000000e+02
3.480000000000000000e+02
3.230000000000000000e+02
3.780000000000000000e+02
3.630000000000000000e+02
3.860000000000000000e+02
3.250000000000000000e+02
3.500000000000000000e+02
3.280000000000000000e+02
3.560000000000000000e+02
3.660000000000000000e+02
3.700000000000000000e+02
3.380000000000000000e+02
3.550000000000000000e+02
3.440000000000000000e+02
3.540000000000000000e+02
3.820000000000000000e+02
3.420000000000000000e+02
3.460000000000000000e+02
3.620000000000000000e+02
3.770000000000000000e+02
