4.690000000000000000e+02
4.530000000000000000e+02
4.570000000000000000e+02
4.380000000000000000e+02
4.520000000000000000e+02
4.430000000000000000e+02
4.690000000000000000e+02
4.440000000000000000e+02
4.480000000000000000e+02
4.390000000000000000e+02
4.540000000000000000e+02
4.480000000000000000e+02
4.540000000000000000e+02
4.680000000000000000e+02
4.440000000000000000e+02
4.520000000000000000e+02
4.560000000000000000e+02
4.480000000000000000e+02
4.530000000000000000e+02
4.520000000000000000e+02
4.470000000000000000e+02
4.500000000000000000e+02
4.520000000000000000e+02
4.640000000000000000e+02
4.430000000000000000e+02
4.410000000000000000e+02
4.410000000000000000e+02
4.550000000000000000e+02
4.630000000000000000e+02
4.490000000000000000e+02
