2.370000000000000000e+02
2.290000000000000000e+02
2.740000000000000000e+02
2.540000000000000000e+02
2.320000000000000000e+02
2.170000000000000000e+02
2.680000000000000000e+02
2.380000000000000000e+02
2.780000000000000000e+02
2.530000000000000000e+02
2.470000000000000000e+02
2.560000000000000000e+02
2.730000000000000000e+02
2.690000000000000000e+02
2.320000000000000000e+02
2.280000000000000000e+02
2.320000000000000000e+02
2.360000000000000000e+02
2.370000000000000000e+02
2.470000000000000000e+02
2.710000000000000000e+02
2.480000000000000000e+02
2.630000000000000000e+02
2.460000000000000000e+02
2.450000000000000000e+02
2.620000000000000000e+02
2.770000000000000000e+02
2.620000000000000000e+02
2.190000000000000000e+02
2.120000000000000000e+02
