3.530000000000000000e+02
3.590000000000000000e+02
3.510000000000000000e+02
3.490000000000000000e+02
3.480000000000000000e+02
3.880000000000000000e+02
3.380000000000000000e+02
3.630000000000000000e+02
2.930000000000000000e+02
3.670000000000000000e+02
3.910000000000000000e+02
3.790000000000000000e+02
3.630000000000000000e+02
3.430000000000000000e+02
3.550000000000000000e+02
3.710000000000000000e+02
3.730000000000000000e+02
3.200000000000000000e+02
3.580000000000000000e+02
3.480000000000000000e+02
3.530000000000000000e+02
3.200000000000000000e+02
3.470000000000000000e+02
3.650000000000000000e+02
3.700000000000000000e+02
3.460000000000000000e+02
3.860000000000000000e+02
3.700000000000000000e+02
3.560000000000000000e+02
3.550000000000000000e+02
