4.390000000000000000e+02
4.470000000000000000e+02
4.700000000000000000e+02
4.610000000000000000e+02
4.490000000000000000e+02
4.540000000000000000e+02
4.480000000000000000e+02
4.340000000000000000e+02
4.430000000000000000e+02
4.670000000000000000e+02
4.550000000000000000e+02
4.580000000000000000e+02
4.470000000000000000e+02
4.630000000000000000e+02
4.570000000000000000e+02
4.590000000000000000e+02
4.580000000000000000e+02
4.380000000000000000e+02
4.440000000000000000e+02
4.390000000000000000e+02
4.450000000000000000e+02
4.440000000000000000e+02
4.670000000000000000e+02
4.550000000000000000e+02
4.460000000000000000e+02
4.440000000000000000e+02
4.420000000000000000e+02
4.460000000000000000e+02
4.410000000000000000e+02
4.570000000000000000e+02
