1.460000000000000000e+02
8.400000000000000000e+01
9.800000000000000000e+01
1.100000000000000000e+02
9.500000000000000000e+01
9.900000000000000000e+01
1.090000000000000000e+02
8.400000000000000000e+01
1.090000000000000000e+02
7.300000000000000000e+01
8.100000000000000000e+01
7.700000000000000000e+01
8.300000000000000000e+01
8.200000000000000000e+01
1.240000000000000000e+02
1.110000000000000000e+02
1.070000000000000000e+02
1.050000000000000000e+02
9.500000000000000000e+01
9.400000000000000000e+01
8.800000000000000000e+01
9.400000000000000000e+01
1.040000000000000000e+02
9.200000000000000000e+01
1.090000000000000000e+02
1.300000000000000000e+02
1.200000000000000000e+02
1.070000000000000000e+02
1.040000000000000000e+02
1.120000000000000000e+02
