4.880000000000000000e+02
4.890000000000000000e+02
5.160000000000000000e+02
4.960000000000000000e+02
4.950000000000000000e+02
5.000000000000000000e+02
4.770000000000000000e+02
4.970000000000000000e+02
5.100000000000000000e+02
5.060000000000000000e+02
4.990000000000000000e+02
5.080000000000000000e+02
5.310000000000000000e+02
4.950000000000000000e+02
5.040000000000000000e+02
4.990000000000000000e+02
4.980000000000000000e+02
5.350000000000000000e+02
5.020000000000000000e+02
5.120000000000000000e+02
4.730000000000000000e+02
5.050000000000000000e+02
4.980000000000000000e+02
4.980000000000000000e+02
4.800000000000000000e+02
4.800000000000000000e+02
5.120000000000000000e+02
4.970000000000000000e+02
5.070000000000000000e+02
5.270000000000000000e+02
