6.800000000000000000e+01
6.500000000000000000e+01
5.300000000000000000e+01
4.600000000000000000e+01
4.100000000000000000e+01
3.600000000000000000e+01
4.000000000000000000e+01
6.100000000000000000e+01
4.100000000000000000e+01
3.700000000000000000e+01
6.400000000000000000e+01
5.800000000000000000e+01
3.700000000000000000e+01
6.600000000000000000e+01
4.900000000000000000e+01
4.200000000000000000e+01
4.600000000000000000e+01
8.200000000000000000e+01
4.100000000000000000e+01
5.300000000000000000e+01
5.000000000000000000e+01
3.700000000000000000e+01
5.100000000000000000e+01
6.400000000000000000e+01
6.500000000000000000e+01
5.000000000000000000e+01
5.800000000000000000e+01
4.100000000000000000e+01
6.700000000000000000e+01
5.400000000000000000e+01
