1.590000000000000000e+02
1.630000000000000000e+02
1.490000000000000000e+02
1.600000000000000000e+02
1.560000000000000000e+02
1.470000000000000000e+02
1.740000000000000000e+02
1.570000000000000000e+02
1.510000000000000000e+02
1.340000000000000000e+02
1.560000000000000000e+02
1.510000000000000000e+02
1.660000000000000000e+02
1.430000000000000000e+02
1.340000000000000000e+02
1.620000000000000000e+02
1.590000000000000000e+02
1.540000000000000000e+02
1.460000000000000000e+02
1.620000000000000000e+02
1.610000000000000000e+02
1.330000000000000000e+02
1.590000000000000000e+02
1.360000000000000000e+02
1.470000000000000000e+02
1.380000000000000000e+02
1.650000000000000000e+02
1.500000000000000000e+02
1.350000000000000000e+02
1.360000000000000000e+02
