2.090000000000000000e+02
2.090000000000000000e+02
2.050000000000000000e+02
1.990000000000000000e+02
2.180000000000000000e+02
2.000000000000000000e+02
2.120000000000000000e+02
2.030000000000000000e+02
1.990000000000000000e+02
2.090000000000000000e+02
2.110000000000000000e+02
1.880000000000000000e+02
2.080000000000000000e+02
1.990000000000000000e+02
2.050000000000000000e+02
2.000000000000000000e+02
2.010000000000000000e+02
1.970000000000000000e+02
2.000000000000000000e+02
1.890000000000000000e+02
1.950000000000000000e+02
1.980000000000000000e+02
1.890000000000000000e+02
2.110000000000000000e+02
2.000000000000000000e+02
1.940000000000000000e+02
2.010000000000000000e+02
2.080000000000000000e+02
2.080000000000000000e+02
1.980000000000000000e+02
