4.220000000000000000e+02
4.100000000000000000e+02
4.130000000000000000e+02
4.360000000000000000e+02
4.020000000000000000e+02
4.020000000000000000e+02
4.080000000000000000e+02
4.050000000000000000e+02
3.800000000000000000e+02
4.030000000000000000e+02
4.070000000000000000e+02
4.210000000000000000e+02
4.180000000000000000e+02
4.050000000000000000e+02
3.880000000000000000e+02
3.750000000000000000e+02
3.970000000000000000e+02
3.830000000000000000e+02
4.020000000000000000e+02
4.310000000000000000e+02
4.230000000000000000e+02
3.960000000000000000e+02
3.930000000000000000e+02
3.810000000000000000e+02
4.000000000000000000e+02
4.020000000000000000e+02
4.180000000000000000e+02
4.200000000000000000e+02
3.610000000000000000e+02
3.970000000000000000e+02
